0.00 1.000000000000
0.02 1.020201340027
0.04 1.040810774192
0.06 1.061836546545
0.08 1.083287067675
0.10 1.105170918075
0.12 1.127496851578
0.14 1.150273798857
0.16 1.173510870992
0.18 1.197217363121
0.20 1.221402758159
0.22 1.246076730587
0.24 1.271249150321
0.26 1.296930086665
0.28 1.323129812337
0.30 1.349858807574
0.32 1.377127764333
0.34 1.404947590563
0.36 1.433329414560
0.38 1.462284589434
0.40 1.491824697640
0.42 1.521961555617
0.44 1.552707218508
0.46 1.584073984994
0.48 1.616074402193
0.50 1.648721270699
0.52 1.682027649698
0.54 1.716006862184
0.56 1.750672500304
0.58 1.786038430755
0.60 1.822118800393
0.62 1.858928041848
0.64 1.896480879306
0.66 1.934792334402
0.68 1.973877732222
0.70 2.013752707466
0.72 2.054433210642
0.74 2.095935514493
0.76 2.138276220496
0.78 2.181472265498
0.80 2.225540928496
0.82 2.270499837534
0.84 2.316366976782
0.86 2.363160693706
0.88 2.410899706414
0.90 2.459603111156
0.92 2.509290389936
0.94 2.559981418331
0.96 2.611696473423
0.98 2.664456241929
